# 20150526
135379666625323
438725175423
147610455310644
463285467105833
318478241677721
431228840246992
129331403839908
704362096283165
344594749005858
350394325038695
697606746956581
10226058435
536454576497924
159193540833869
202666049751955
282118885206276
445713088825693

# 20150524
211789608990040
100704744814
179955192079001
466498413382627
752225441506796
180447291099
108262815885749
109527999068647
109878725700880
1414514218814467
1537316406501217
1548005135439123
270981966418657
552253054811007
506040136117314

#20150525
28275284062
166860636805864
236969116492930
421262221342543
143225949172025
662818757112424
813499718673546
346895378852196
111602518894509
109878725700880
245381122218152
558149530920124
314020761984535
206802459387772
223812957646623

#20150528
406388632844659
616522951796998
522769314428849
773577449381899
948016068571482
829846943692936
427284607354139
77777171869
105259197447
118381011598860
376182349119877
489495181106805
191370440995584
251876918175692

#20150610
107898179238353
124548161068400
424766330990676
512362338775083
132684280172889
110614272358924
586566471469123
502190646463794
194356527265994
113340732013751
104637136241444
106004302764922
106280856078089
106567752711006
112943138724401
108579882505133
100245100017010
113186512025358
103733449665010
109410202423235
114587985221488
252614464776711
274464532592851
421423581280646
198500273606913
189194781133607
1573927826160910
321894648013125
814581135265859
489047834554679
693147544046082
586200301429395
1391370257817235
155247701229677
683815138315703
240878642778204
211533645723315
623224587734160
457874144242766
280669818714990
102995253170624
461643270594437
130043323833947
191348517723688
285527541532674
813143175376289
455770051131213
510128589082565
111596828922821
210249082449699
317659018426913
562339880514077
458279167546189
103104369730349
437481215511
104053069630458
1516667288561975
447386082054651
621822024547883
187689211281317
1481672008714470
491426060914668
614479172013944
106165652747898
107995739222434
102732836437252
109540989064918
