208375405846302
120344818041732
130118267061619
211835412163965
114934888586897
171878729533298
216127561748461
211226415573944
103556569738188
137157469687760
196259897073375
199183190124067
119372168137027
128043897273886
133748510029785
337324272944708
439391382861641
655203057883720
501280576628631
305534859547154
116359145045211
628194297217834
126897707358534
505295356180105
176758802534653
508218852568238
588254257898068
302713553151539
170951549620611
249482508563371
517626078319519
207569779255326
246411042103560
346669515443756
133472666725838
275636439185338
141640825903744
148678311854931
561200537338883
414869142000520
191443390891584
156071721120349
572521959495344
158220797703046
202336173137162
137661909636037
547954638609098
201082619916883
142838785785687
163970123658726
212692655408709
214326832092053
226222707388770
203498473010849
410618512328697
781553751900926
156968464363297
211225715557899
197453690287581
113325748747468
201232409902011
202673686419232
193360310703549
150134391681947
509398812459212
502647819879137
532852180089437
814660238566194
184256494951878
137330443006401
170712132978946
591880967549076
189446821090906
205306336161092
435669446555840
215187568495846
191589957544994
334986745721
183672798480127
172357159486832
203164779711113
221245667889457
199509220089833
149611858436907
133344783405877
170504629665656
180706018648891
407135579364481
202697923095606
118155591595690
173949525985834
759137410788494
172385702813677
202075476476890
157817197612404
206660182693444
549034138441975
209406882403668
180319918681067
221985737908673
327499740658672
196535850376818
203172366367853
100218350062417
171648056217165
150601248335636
162884417100009
141041482630462
271641826278961
189993494371921
344966338922414
103200896471007
201209829902564
170972712964586
121873904553346
206380896040710
202481029776962
183889491648996
342068412570846
234124049961143
323785077643891
137389926333877
193532047350983
160554884002354
149007185161806
210977082249551
118375341573662
119549484786172
107166669365039
190038171032042
200168690003766
211187562230067
100322040063236
209518112391719
142300072503130
135775099880118
197361606962078
119071408170124
485762268124336
138132312922816
174689386003807
148535628542887
166785563384486
137960782939604
119684294772412
142611599137648
137637142972115
154177701308820
187769837931942
268776439829583
160853157306074
209483232395619
102016983217662
523032111100078
222802094400574
128423983995725
119265691481874
200647633293246
160945543960616
210067532343355
116190231788432
159967070726097
214293708584969
174171762635784
208937435784782
139515529451019
346119288799186
248387778523535
173379709379581
202472923103960
119375384853437
668354019847917
210310745650003
106119579474145
143695439030634
275125415936044
300543750050350
196663010365074
200017853365216
138313779570772
204648719564276
100261276725189
202087029816550
