100245100017010
10226058435
102732836437252
102995253170624
103104369730349
103733449665010
104637136241444
105795126146841
106004302764922
106165652747898
106280856078089
106567752711006
107348712640921
107898179238353
107995739222434
108262815885749
108502575862202
108506962597179
108579882505133
108704385874151
109237532503589
109410202423235
109418789204434
109527999068647
109540989064918
109878725700880
110000555818535
110474398995711
110614272358924
110868812276112
111045022274283
111596828922821
111602518894509
112943138724401
112983092084654
113186512025358
113212332053375
113340732013751
114144315317507
114587985221488
115074668583724
117328685023480
118566631523960
119045051467234
120825401318212
121473621200542
121519114561414
121989837866196
122476894500256
123405071193115
123464557733232
123725314310594
124548161068400
125895769928
126103754114141
126481344118601
127039900639621
128580310490296
128582637162231
129183453815952
129331403839908
130043323833947
130182847004249
130379730381458
130407390317300
130415373647209
130419533665233
131067083614563
131585553542466
131692420213758
131954690158760
132684280172889
133569080062144
134181866629849
134286800078440
134303486662787
134633226604701
135243899895343
135379666625323
136538164181
136710073145217
137677733046291
1378400859048896
1378510899112017
138201369530216
1383009571947737
1383771591844523
138512212944098
139114936260131
1391370257817235
1403463733273665
1404526523145272
140508212641448
1407976052773322
1408959839327427
1409608695937228
1410798922482476
1412692115619433
1412773248999823
1413089315572068
1414514218814467
141684005901870
1417511978463651
1422057018045197
1422954781296025
1425455507668942
1427502087538404
1427701910786632
142996455859464
143225949172025
143240945885008
1434269330185160
1444600165764023
1453432201578576
1454311204830518
1459447054328383
146291365494819
147610455310644
147693348661148
147837785386973
1479872405566634
148005058568714
1481672008714470
1482221915382947
148671905199380
1488385361432248
149756648396
1498550270364376
1503924803160970
150575821819244
1509845999297764
1516667288561975
152217664957452
152665431450476
153536154698277
1535977483304981
153719871477832
1537316406501217
154179624643827
154681757994649
1548005135439123
155247701229677
155723871161476
1562172090677506
1562421790661097
1564412330460227
1564499970446967
15666129583
1573927826160910
159193540833869
1618178491727597
162692670489470
163562430324492
163609533693644
163626310444247
165769463481397
166860636805864
167165030040963
167259110145135
167383473344725
169845886359558
170074343013610
170326413015663
170348596486859
171292542910808
172131159538169
172864276100944
173561059361351
174391812639161
174630732594270
175119189184910
175259729292771
175756839135350
175972135750099
179253792130750
179686505417534
179955192079001
180026295351969
181169288633072
183985011681200
184864382281
186593838200108
187452035249
187689211281317
189194781133607
191008277678958
191348517723688
191370440995584
192061701001028
192395840868406
192997707405912
193072537394551
193529757353950
193633214012349
194029354031779
194356527265994
195040900602224
196963221496
197121820403827
197846236916198
198500273606913
198924016941933
198933996837282
200211440045561
200376746706522
201499326535066
201916876463
202666049751955
203428429857276
203812808121
205620916239689
205852276116888
205890726204189
206802459387772
207715942627780
210249082449699
210339142352165
211450838898578
211533645723315
211789608990040
213273735360091
213557992047981
214774168711212
215245908594427
215868538565221
215976615095370
21683685407
218175464936536
218944574859770
21904361327
219985124726042
220364124731783
220941608040336
223802387808107
225401074284659
227481403983448
227907053979677
229220357152035
231048620270950
231218028490
232180713537464
234307746724366
235195893181847
235219793187109
236969116492930
237264589664620
239774052873482
240878642778204
241398065910843
241725912623213
242112739173768
242194545869794
242257925877632
243654229139825
245166432343304
245209185677145
245381122218152
246888412042672
247559478637891
251937571537900
251986794967331
252614464776711
254469484569106
256067531076695
261566827386101
261723533869673
265061365401
265676646865804
267598893427862
270981966418657
274184132699120
274464532592851
276413912525192
278696132291000
279715828826682
280669818714990
282097338495022
282118885206276
282597698616116
28275284062
284422651574328
285527541532674
286209261349
287436867947521
299559466907014
300653040079300
301553999996571
301616553227419
302908546392639
303685069797798
304451056262851
305835977056
307841466074365
310985535634065
312659165415859
313522242097360
314020761984535
315792728486003
316568711303
316787258408457
317451486051
317495731741368
317659018426913
318478241677721
321517511280611
321570694615490
321894648013125
323093897870198
329111830554534
330364363815456
330390630305244
332932313486990
333742389396
334979876625300
33614363997
336659029822694
337799269519
340564119366766
344594749005858
344639025652260
346382288773410
350394325038695
352379371558025
352568181490529
352605964916758
354118478014969
354898781215979
356556621106294
357066347805530
357097184464311
357640217612250
358077787577469
361781723842233
362910760491286
366034320236591
367534590079656
370497477816
372960542754486
376182349119877
378941845506680
381556578579617
384294528294992
38513990346
386623191468264
388792401224763
390835131074830
391087050982869
392852127414797
394732263969530
400599863418029
403410436421981
403788999722565
404177346407643
404688336303315
406388632844659
406665536013820
407456976001783
407565359339186
413610852061358
413715228693481
415400988507242
419318878101119
421262221342543
421423581280646
424766330990676
427284607354139
427687094017803
428897193813248
430418570381564
431228840246992
431686053550925
43225711721
432874666845038
437481215511
438725175423
438896546228402
440791382685910
445713088825693
447386082054651
44764237452
451289471617071
455770051131213
457874144242766
457930147678404
458279167546189
461643270594437
463285467105833
466498413382627
469659443118129
477497009054870
479940782050634
482727815131189
483983368292654
485622524823017
488293787939677
489047834554679
491361634300153
491426060914668
49249284892
492794167531986
494247790650508
496224890416531
496354937122312
499888803371890
502190646463794
502732553143378
506040136117314
510128589082565
512362338775083
515074105209092
522769314428849
525464604161458
528005230646299
529068160461847
530297680403152
531355520220622
532138520239268
533245736724055
535024176590498
535215813212678
536454576497924
537384042988956
540960895954688
541256872562640
546063895424502
546720555434664
552253054811007
552325201498799
553602644775557
553819108070809
554244678017222
554313434691887
554328714578847
558149530920124
558724010837102
559903974121667
560868503977693
562339880514077
569121863172530
570870206337992
571055512941131
571267426228365
572119596143452
577089229072444
577185329015973
577474582351639
578998372206906
581005318586304
586200301429395
586566471469123
587416457990780
592909790777233
594796850566066
599321776769817
599760413444484
604617456270101
607021385983056
610502172296668
614479172013944
615834471841750
616522951796998
621116947966750
621822024547883
623224587734160
625810097437726
651702894857817
655901831125821
659662747422665
662818757112424
665536296894342
674257529270260
675550029176973
675685925797223
679258368773454
683815138315703
684225814965688
686471494702038
687130421342007
693147544046082
697606746956581
697776523620403
698682073493699
700932086596310
704362096283165
707008682661947
716243928459383
721911424541889
728100017273742
743456569029351
752225441506796
757321544320205
762102240474175
765823133489211
771404782880244
773577449381899
790030561026525
797504850280790
801121546570632
801474309869253
813143175376289
813204902073752
813499718673546
814581135265859
827917623893765
829846943692936
834093269935970
835257193161838
842017649178134
856793521011381
867148646633181
868530656498456
87305834185
936911572987365
963585093655755
